1 0.39427860696517414 0.24875621890547264 0.6231343283582089 0.24875621890547264 0.6231343283582089 0.5804311774461028 0.39427860696517414 0.5804311774461028
7 0.571911196911197 0.6274131274131274 0.7760617760617762 0.6274131274131274 0.7760617760617762 0.7664092664092663 0.571911196911197 0.7664092664092663
7 0.21862934647347937 0.6621620588888729 0.39527027027027034 0.6621620588888729 0.39527027027027034 0.7972972972972975 0.21862934647347937 0.7972972972972975
7 0.11438223938223939 0.21042471042471042 0.2331081081081081 0.21042471042471042 0.2331081081081081 0.26640926640926643 0.11438223938223939 0.26640926640926643
7 0.02750965250965251 0.2953667953667954 0.14623552123552125 0.2953667953667954 0.14623552123552125 0.34942084942084944 0.02750965250965251 0.34942084942084944
7 0.277992277992278 0.11196911196911198 0.3692084942084942 0.11196911196911198 0.3692084942084942 0.19111969111969113 0.277992277992278 0.19111969111969113
7 0.8064671814671814 0.15444015444015444 0.9049227799227799 0.15444015444015444 0.9049227799227799 0.23745173745173745 0.8064671814671814 0.23745173745173745
6 0.6472007722007721 0.16023166023166024 0.7471042471042472 0.16023166023166024 0.7471042471042472 0.26640926640926643 0.6472007722007721 0.26640926640926643
6 0.6500965250965252 0.29922779922779924 0.7282818532818535 0.29922779922779924 0.7282818532818535 0.3841698841698842 0.6500965250965252 0.3841698841698842
7 0.0 0.05772735713531611 0.05067567567567568 0.05772735713531611 0.05067567567567568 0.10424710424710423 0.0 0.10424710424710423
14 0.39076576576576566 0.0 0.6295045045045039 0.0 0.6295045045045039 0.9999999999999994 0.39076576576576566 0.9999999999999994
