7 0.30510752688172044 0.4713261648745519 0.33467741935483875 0.4713261648745519 0.33467741935483875 0.5 0.30510752688172044 0.5
7 0.4018817204301075 0.33512544802867383 0.42876344086021506 0.33512544802867383 0.42876344086021506 0.35842293906810035 0.4018817204301075 0.35842293906810035
7 0.4005376344086022 0.48924731182795694 0.4193548387096775 0.48924731182795694 0.4193548387096775 0.5143369175627239 0.4005376344086022 0.5143369175627239
7 0.4959677419354838 0.3548387096774194 0.5255376344086022 0.3548387096774194 0.5255376344086022 0.37634408602150543 0.4959677419354838 0.37634408602150543
6 0.4744623655913978 0.4086021505376344 0.5161290322580645 0.4086021505376344 0.5161290322580645 0.44444444444444436 0.4744623655913978 0.44444444444444436
6 0.4448924731182796 0.3870967741935484 0.4811827956989247 0.3870967741935484 0.4811827956989247 0.40681003584229397 0.4448924731182796 0.40681003584229397
6 0.38306451612903225 0.45161290322580633 0.41263440860215056 0.45161290322580633 0.41263440860215056 0.48924731182795694 0.38306451612903225 0.48924731182795694
6 0.40456989247311825 0.5376344086021505 0.43145161290322587 0.5376344086021505 0.43145161290322587 0.6075268817204302 0.40456989247311825 0.6075268817204302
2 0.28629032258064524 0.36021505376344054 0.36290322580645173 0.36021505376344054 0.36290322580645173 0.4999999999999997 0.28629032258064524 0.4999999999999997
2 0.11424731182795698 0.4695340501792115 0.23521505376344087 0.4695340501792115 0.23521505376344087 0.6039426523297491 0.11424731182795698 0.6039426523297491
