1 0.4025096525096526 0.5965250965250962 0.5183397676287343 0.5965250965250962 0.5183397676287343 0.7722007722007718 0.4025096525096526 0.7722007722007718
6 0.5270270270270271 0.4498069498069498 0.6602316602316602 0.4498069498069498 0.6602316602316602 0.611969111969112 0.5270270270270271 0.611969111969112
6 0.2722007722007722 0.4324324324324324 0.3778957528957529 0.4324324324324324 0.3778957528957529 0.555984555984556 0.2722007722007722 0.555984555984556
6 0.34459459459459457 0.3532818532818533 0.4111969111969112 0.3532818532818533 0.4111969111969112 0.39768339768339767 0.34459459459459457 0.39768339768339767
6 0.5024131274131275 0.33976833976833976 0.5617760617760618 0.33976833976833976 0.5617760617760618 0.4015444015444016 0.5024131274131275 0.4015444015444016
7 0.38803088803088803 0.19498069498069498 0.571911196911197 0.19498069498069498 0.571911196911197 0.2722007722007722 0.38803088803088803 0.2722007722007722
7 0.4256756756756757 0.2915057915057915 0.4966216216216217 0.2915057915057915 0.4966216216216217 0.3880308880308881 0.4256756756756757 0.3880308880308881
8 0.3626126126126129 0.0 0.5292792792792789 0.0 0.5292792792792789 0.9894894894894886 0.3626126126126129 0.9894894894894886
8 0.001126126126126126 0.4714714714714714 1.0 0.4714714714714714 1.0 0.629129129129129 0.001126126126126126 0.629129129129129
10 0.006756756756756736 0.3183183183183183 0.9954954954954939 0.3183183183183183 0.9954954954954939 0.4294294294294294 0.006756756756756736 0.4294294294294294
10 0.004504504504504504 0.15765765765765763 1.0 0.15765765765765763 1.0 0.3093093093093092 0.004504504504504504 0.3093093093093092
