18 0.20125482625482627 0.2065637065637066 0.42567567567567577 0.2065637065637066 0.42567567567567577 0.4343629343629344 0.20125482625482627 0.4343629343629344
17 0.7398648648648648 0.38610038610038605 0.8267374517374518 0.38610038610038605 0.8267374517374518 0.5772200772200772 0.7398648648648648 0.5772200772200772
7 0.6269305019305019 0.3996138996138996 0.6602316602316602 0.3996138996138996 0.6602316602316602 0.45366795366795365 0.6269305019305019 0.45366795366795365
7 0.6153474903474904 0.25675675675675674 0.6486486486486488 0.25675675675675674 0.6486486486486488 0.3108108108108108 0.6153474903474904 0.3108108108108108
7 0.8064671814671814 0.3725868725868725 0.831081081081081 0.3725868725868725 0.831081081081081 0.41505791505791506 0.8064671814671814 0.41505791505791506
7 0.791988416988417 0.5868725868725869 0.8209459459459459 0.5868725868725869 0.8209459459459459 0.6274131274131274 0.791988416988417 0.6274131274131274
1 0.7123552123552124 0.6042471042471043 0.7847490347490348 0.6042471042471043 0.7847490347490348 0.7683397683397684 0.7123552123552124 0.7683397683397684
1 0.5733590733590731 0.5849418267588613 0.6529922779922777 0.5849418267588613 0.6529922779922777 0.7683397683397682 0.5733590733590731 0.7683397683397682
17 0.5415057915057916 0.7104247104247104 0.5921814671814672 0.7104247104247104 0.5921814671814672 0.8745173745173744 0.5415057915057916 0.8745173745173744
7 0.6993243243243243 0.16988416988416988 0.7804054054054055 0.16988416988416988 0.7804054054054055 0.29150579150579153 0.6993243243243243 0.29150579150579153
