6 0.03678160919540229 0.5081915374190633 0.30919540229885056 0.5081915374190633 0.30919540229885056 0.6617828640265019 0.03678160919540229 0.6617828640265019
6 0.23103448275862065 0.21124830597801533 0.30114942528735633 0.21124830597801533 0.30114942528735633 0.31364252371630774 0.23103448275862065 0.31364252371630774
7 0.36091953652052183 0.11704510236405297 0.814942525026269 0.11704510236405297 0.814942525026269 0.3034025786477452 0.36091953652052183 0.3034025786477452
7 0.28965517241379307 0.4037494353260051 0.3919540229885057 0.4037494353260051 0.3919540229885057 0.5081915374190633 0.28965517241379307 0.5081915374190633
7 0.5994125604878986 0.5101724024807696 0.7036982981552528 0.5101724024807696 0.7036982981552528 0.6413040204788436 0.5994125604878986 0.6413040204788436
7 0.49080459770114937 0.8051347688601115 0.6344827586206896 0.8051347688601115 0.6344827586206896 0.932103598855594 0.49080459770114937 0.932103598855594
7 0.15086009362008562 0.8631051752921536 0.25768028413368665 0.8631051752921536 0.25768028413368665 0.9582637729549244 0.15086009362008562 0.9582637729549244
7 0.27548364921928703 0.001669449081803005 0.3869889358080461 0.001669449081803005 0.3869889358080461 0.09515859766277128 0.27548364921928703 0.09515859766277128
7 0.3354528789813085 0.4941569282136896 0.44414710792497286 0.4941569282136896 0.44414710792497286 0.6227045075125208 0.3354528789813085 0.6227045075125208
14 0.10733153004801156 0.00025251620609209477 0.3584551689176705 0.09794442101205177 0.25112363886966166 0.973745952186163 2.6993657853631256e-15 0.8760540473802033
