1 0.3462002412545236 0.6433453960595099 0.4137515078407718 0.6433453960595099 0.4137515078407718 0.8813831926015284 0.3462002412545236 0.8813831926015284
1 0.4294330518697226 0.4165661439485322 0.505428226779252 0.4165661439485322 0.505428226779252 0.5613188580619217 0.4294330518697226 0.5613188580619217
1 0.5174909529553682 0.39244069159630074 0.5633293124246079 0.39244069159630074 0.5633293124246079 0.5420184961801365 0.5174909529553682 0.5420184961801365
1 0.3558504221954163 0.4921592279855248 0.4137515078407721 0.4921592279855248 0.4137515078407721 0.6224366706875755 0.3558504221954163 0.6224366706875755
18 0.0 0.08282388223184121 0.16795366683632898 0.08282388223184121 0.16795366683632898 0.17181467181467178 0.0 0.17181467181467178
1 0.23496349965340702 0.3339768339768339 0.36920849420849394 0.3339768339768339 0.36920849420849394 0.4999999999999999 0.23496349965340702 0.4999999999999999
1 0.3518339768339769 0.23745173745173745 0.4039575289575289 0.23745173745173745 0.4039575289575289 0.3938223938223938 0.3518339768339769 0.3938223938223938
6 0.5096525096525096 0.28957528957528955 0.5632239382239381 0.28957528957528955 0.5632239382239381 0.3803088803088804 0.5096525096525096 0.3803088803088804
6 0.30984555984555984 0.18146718146718147 0.40974903474903485 0.18146718146718147 0.40974903474903485 0.22586872586872583 0.30984555984555984 0.22586872586872583
7 0.8021235521235522 0.3166023166023166 0.8527992277992279 0.3166023166023166 0.8527992277992279 0.3667953667953668 0.8021235521235522 0.3667953667953668
6 0.4893822393822394 0.13513513513513514 0.5516409266409267 0.13513513513513514 0.5516409266409267 0.2084942084942085 0.4893822393822394 0.2084942084942085
6 0.3938223938223938 0.11776061776061778 0.44015444015444016 0.11776061776061778 0.44015444015444016 0.18532818532818532 0.3938223938223938 0.18532818532818532
6 0.3692084942084942 0.015444015444015444 0.40830115830115826 0.015444015444015444 0.40830115830115826 0.05405405405405405 0.3692084942084942 0.05405405405405405
6 0.5907335907335908 0.20270270270270271 0.6341698841698841 0.20270270270270271 0.6341698841698841 0.2760617760617761 0.5907335907335908 0.2760617760617761
14 0.42004504504504525 0.0 0.5078828828828829 0.0 0.5078828828828829 1.0000000000000002 0.42004504504504525 1.0000000000000002
