1 0.40250965301753394 0.6776060743328881 0.48214285765073855 0.6776060743328881 0.48214285765073855 0.7548261515529654 0.40250965301753394 0.7548261515529654
1 0.6602316600285077 0.5637067186164979 0.7601351349319825 0.5637067186164979 0.7601351349319825 0.6235522784620577 0.6602316600285077 0.6235522784620577
1 0.5371621621621622 0.866795366795367 0.5892857142857143 0.866795366795367 0.5892857142857143 0.9671814671814671 0.5371621621621622 0.9671814671814671
2 0.3359073359073359 0.7741312741312741 0.43291505791505797 0.7741312741312741 0.43291505791505797 0.8416988416988418 0.3359073359073359 0.8416988416988418
7 0.6138996138996139 0.48455598455598453 0.7166988416988419 0.48455598455598453 0.7166988416988419 0.5212355212355212 0.6138996138996139 0.5212355212355212
7 0.7934362934362934 0.49227799227799224 0.9222972972972974 0.49227799227799224 0.9222972972972974 0.5386100386100386 0.7934362934362934 0.5386100386100386
7 0.4647683397683398 0.5617760617760618 0.5342664092664094 0.5617760617760618 0.5342664092664094 0.5868725868725868 0.4647683397683398 0.5868725868725868
7 0.4546332046332047 0.6138996138996139 0.5400579150579152 0.6138996138996139 0.5400579150579152 0.6467181467181468 0.4546332046332047 0.6467181467181468
7 0.6196911196911197 0.6447876447876449 0.6833976833976835 0.6447876447876449 0.6833976833976835 0.66988416988417 0.6196911196911197 0.66988416988417
4 0.5907335896162519 0.6756746429427812 0.8542471031297656 0.6756746429427812 0.8542471031297656 0.7432427785134408 0.5907335896162519 0.7432427785134408
7 0.5704633204633205 0.7625482625482626 0.8325289575289577 0.7625482625482626 0.8325289575289577 0.8262548262548264 0.5704633204633205 0.8262548262548264
