7 0.46042471042471045 0.15057915057915058 0.9222972972972974 0.15057915057915058 0.9222972972972974 0.30308880308880304 0.46042471042471045 0.30308880308880304
7 0.4111969104858773 0.2509651993286063 0.9425675668565336 0.2509651993286063 0.9425675668565336 0.3938223421857491 0.4111969104858773 0.3938223421857491
7 0.1665057915057915 0.2915057915057915 0.3388030888030889 0.2915057915057915 0.3388030888030889 0.36293436293436293 0.1665057915057915 0.36293436293436293
7 0.6066602316602316 0.527027027027027 0.8918918918918919 0.527027027027027 0.8918918918918919 0.6274131274131274 0.6066602316602316 0.6274131274131274
7 0.6240347490347491 0.637065637065637 0.8585907335907336 0.637065637065637 0.8585907335907336 0.7084942084942085 0.6240347490347491 0.7084942084942085
7 0.3431467181467182 0.7895752895752896 0.6747104247104249 0.7895752895752896 0.6747104247104249 0.945945945945946 0.3431467181467182 0.945945945945946
7 0.7804054054054055 0.8803088803088803 0.9222972972972974 0.8803088803088803 0.9222972972972974 0.9652509652509651 0.7804054054054055 0.9652509652509651
7 0.6602316602316602 0.40733590733590735 0.8643822393822393 0.40733590733590735 0.8643822393822393 0.4942084942084942 0.6602316602316602 0.4942084942084942
17 0.11003861003861004 0.33976833976833976 0.6023166023166023 0.33976833976833976 0.6023166023166023 0.9440154440154439 0.11003861003861004 0.9440154440154439
17 0.5096776292130754 0.7586868972307453 0.8368725868725868 0.7586868972307453 0.8368725868725868 0.9999999999999997 0.5096776292130754 0.9999999999999997
