6 0.2935323383084577 0.11940298507462685 0.4415422885572139 0.11940298507462685 0.4415422885572139 0.29684908789386394 0.2935323383084577 0.29684908789386394
6 0.6281094527363185 0.15754560530679934 0.8009950248756219 0.15754560530679934 0.8009950248756219 0.3366500829187397 0.6281094527363185 0.3366500829187397
6 0.8917910447761196 0.35323383084577115 0.9987562189054727 0.35323383084577115 0.9987562189054727 0.48258706467661694 0.8917910447761196 0.48258706467661694
7 0.2794401544401544 0.36486486486486486 0.388030888030888 0.36486486486486486 0.388030888030888 0.444015444015444 0.2794401544401544 0.444015444015444
7 0.03474903474903474 0.19884169884169883 0.12741312741312744 0.19884169884169883 0.12741312741312744 0.2702702702702703 0.03474903474903474 0.2702702702702703
7 0.5545366795366795 0.39768339768339767 0.6544401544401544 0.39768339768339767 0.6544401544401544 0.48455598455598453 0.5545366795366795 0.48455598455598453
7 0.3388030888030888 0.6679536679536677 0.4416023166023166 0.6679536679536677 0.4416023166023166 0.7297297297297296 0.3388030888030888 0.7297297297297296
7 0.6037644787644787 0.8416988416988417 0.7007722007722008 0.8416988416988417 0.7007722007722008 0.916988416988417 0.6037644787644787 0.916988416988417
6 0.8050193050193051 0.8861003861003861 0.8991312741312741 0.8861003861003861 0.8991312741312741 0.9633204633204634 0.8050193050193051 0.9633204633204634
14 0.43468468468468463 0.0 0.6734234234234235 0.0 0.6734234234234235 0.9954954954954955 0.43468468468468463 0.9954954954954955
