7 0.7151741293532339 0.5140961857379768 0.7661691542288557 0.5140961857379768 0.7661691542288557 0.572139303482587 0.7151741293532339 0.572139303482587
7 0.6218905472636815 0.5538971807628524 0.677860696517413 0.5538971807628524 0.677860696517413 0.6135986733001658 0.6218905472636815 0.6135986733001658
7 0.10820895522388058 0.4096185737976783 0.16169154228855723 0.4096185737976783 0.16169154228855723 0.4626865671641791 0.10820895522388058 0.4626865671641791
7 0.1853233830845771 0.25207296849087896 0.24378109452736318 0.25207296849087896 0.24378109452736318 0.32172470978441126 0.1853233830845771 0.32172470978441126
7 0.2599502487562189 0.21393034825870647 0.32089552238805974 0.21393034825870647 0.32089552238805974 0.2752902155887231 0.2599502487562189 0.2752902155887231
7 0.8619402985074626 0.9386401326699834 0.9303482587064676 0.9386401326699834 0.9303482587064676 1.0 0.8619402985074626 1.0
14 0.2829356568793681 0.05100941854132705 0.4751201781631729 0.0007410589072969785 0.6142813900913153 0.9465847432321205 0.4220968688075104 0.9968531028661507
8 0.01719198495483265 0.35971107816174525 0.6259425422611309 0.6215392748526193 0.6087505573062981 0.6925994793325961 6.1679056923619804e-18 0.43077128264172204
8 0.3550193180327829 0.7044959184798816 0.47736773547906375 0.5682544572942865 0.5011891882610907 0.6062851977006823 0.3788407708148098 0.7425266588862776
9 0.44878183374393976 0.44411338264265 0.978314331946839 0.7557006622230026 0.9598328228452585 0.8115383984506613 0.43030032464235923 0.49995111887030874
10 0.032731048120651994 0.06811727536633545 0.9907950649382227 0.6170905962976104 0.9580640168175706 0.7186407712360446 -4.9343245538895844e-17 0.16966745030476968
