7 0.2549751243781095 0.3051409618573798 0.3121890547263682 0.3051409618573798 0.3121890547263682 0.35323383084577115 0.2549751243781095 0.35323383084577115
7 0.7873134328358211 0.558872305140962 0.8482587064676618 0.558872305140962 0.8482587064676618 0.6169154228855723 0.7873134328358211 0.6169154228855723
7 0.759950248756219 0.3897180762852405 0.8246268656716418 0.3897180762852405 0.8246268656716418 0.43117744610281933 0.759950248756219 0.43117744610281933
7 0.4253731343283583 0.11276948590381428 0.4713930348258707 0.11276948590381428 0.4713930348258707 0.15091210613598677 0.4253731343283583 0.15091210613598677
4 0.5805984555984556 0.7123552123552124 0.8441119691119693 0.7123552123552124 0.8441119691119693 0.8648648648648649 0.5805984555984556 0.8648648648648649
4 0.23021235521235522 0.5965250965250966 0.38079150579150584 0.5965250965250966 0.38079150579150584 0.7432432432432432 0.23021235521235522 0.7432432432432432
17 0.002895752895752896 0.3532818532818533 0.18967181467181468 0.3532818532818533 0.18967181467181468 0.6872586872586872 0.002895752895752896 0.6872586872586872
6 0.6066602316602316 0.38610038610038605 0.6906370656370657 0.38610038610038605 0.6906370656370657 0.4749034749034749 0.6066602316602316 0.4749034749034749
6 0.4980694980694981 0.4498069498069498 0.5603281853281854 0.4498069498069498 0.5603281853281854 0.5424710424710425 0.4980694980694981 0.5424710424710425
6 0.39237451737451745 0.23938223938223938 0.45028957528957536 0.23938223938223938 0.45028957528957536 0.3262548262548262 0.39237451737451745 0.3262548262548262
6 0.37934362934362936 0.3301158301158301 0.43581081081081086 0.3301158301158301 0.43581081081081086 0.4054054054054054 0.37934362934362936 0.4054054054054054
6 0.8470077220077221 0.8378378378378379 0.9584942084942085 0.8378378378378379 0.9584942084942085 0.9806949806949808 0.8470077220077221 0.9806949806949808
8 0.3727477477477477 0.001501501501501541 0.5349099099099098 0.001501501501501541 0.5349099099099098 1.0000000000000002 0.3727477477477477 1.0000000000000002
8 0.01350049515962114 0.694853391667373 0.3874789753517486 0.618139857269016 0.3941571624980342 0.6760174792035122 0.020178682305906713 0.7527310136018692
9 3.2006429538743245e-17 0.45495495495495464 0.3783783783783783 0.45495495495495464 0.3783783783783783 0.5090090090090087 3.2006429538743245e-17 0.5090090090090087
10 0.01126126126126125 0.37837837837837784 0.47635135135135115 0.37837837837837784 0.47635135135135115 0.4354354354354349 0.01126126126126125 0.4354354354354349
