2 0.6791044776119403 0.09950248756218906 0.7985074626865671 0.09950248756218906 0.7985074626865671 0.23217247097844113 0.6791044776119403 0.23217247097844113
1 0.5313706563706564 0.5791505791505791 0.5892857142857143 0.5791505791505791 0.5892857142857143 0.7200772200772201 0.5313706563706564 0.7200772200772201
1 0.47055984535669304 0.444015237468865 0.5371621614511282 0.444015237468865 0.5371621614511282 0.5347490863856794 0.47055984535669304 0.5347490863856794
1 0.5545366795366796 0.3359073359073359 0.5979729729729731 0.3359073359073359 0.5979729729729731 0.4247104247104246 0.5545366795366796 0.4247104247104246
6 0.500965250965251 0.3166023166023166 0.5313706563706564 0.3166023166023166 0.5313706563706564 0.3667953667953668 0.500965250965251 0.3667953667953668
6 0.500965250965251 0.2857142857142857 0.5270270270270271 0.2857142857142857 0.5270270270270271 0.31660231660231664 0.500965250965251 0.31660231660231664
7 0.5834942084942085 0.14864864864864866 0.6153474903474904 0.14864864864864866 0.6153474903474904 0.1814671814671815 0.5834942084942085 0.1814671814671815
7 0.6312741312741313 0.12934362934362933 0.6631274131274132 0.12934362934362933 0.6631274131274132 0.16409266409266407 0.6312741312741313 0.16409266409266407
6 0.4691119691119691 0.3359073359073359 0.5024131274131275 0.3359073359073359 0.5024131274131275 0.37837837837837834 0.4691119691119691 0.37837837837837834
14 0.5097119549732712 0.0596601138853406 0.6059808519981328 0.07339052383376926 0.5317161558629989 0.9990737059634119 0.4354472588381373 0.9853432960149834
8 0.4553316040214918 0.657380120443636 0.564918561091875 0.6040119011693683 0.5714864925568002 0.6279882054451901 0.4618995354864169 0.6813564247194577
9 0.507186853554646 0.40184680416857427 0.5885167877627403 0.4657985473065652 0.5793639045205005 0.48649202246293266 0.4980339703124062 0.42254027932494176
10 0.031671597936265186 0.6283921333614104 0.8548045096241317 0.08116762153977182 0.8658593796077002 0.11072973888349336 0.04272646791983365 0.6579542507051319
11 3.3256680692600415e-17 0.5668979543894825 0.571305102591485 0.19382403417967833 0.5792302431931264 0.21539937482555208 0.007925140601641371 0.5884732950353563
