6 0.49129353233830847 0.3117744610281924 0.7611940298507462 0.3117744610281924 0.7611940298507462 0.5323383084577115 0.49129353233830847 0.5323383084577115
6 0.5323383084577115 0.05638474295190713 0.7126865671641792 0.05638474295190713 0.7126865671641792 0.23548922056384744 0.5323383084577115 0.23548922056384744
7 0.28249678249678245 0.4307164307164305 0.3473294723294722 0.4307164307164305 0.3473294723294722 0.5040755040755035 0.28249678249678245 0.5040755040755035
6 0.4068532818532819 0.24131274131274127 0.4531853281853282 0.24131274131274127 0.4531853281853282 0.2857142857142857 0.4068532818532819 0.2857142857142857
1 0.6732625482625484 0.5579150579150577 0.8190154440154442 0.5579150579150577 0.8190154440154442 0.8223938223938219 0.6732625482625484 0.8223938223938219
1 0.496299871299871 0.555984555984556 0.6428571428571421 0.555984555984556 0.6428571428571421 0.8131703131703125 0.496299871299871 0.8131703131703125
1 0.4707207207207208 0.6696696696696697 0.4943693693693694 0.6696696696696697 0.4943693693693694 0.6726726726726727 0.4707207207207208 0.6726726726726727
14 0.42727476137648734 0.06471015929671022 0.6275255773322401 0.00463491450999937 0.7846050988525318 0.9354765235193684 0.5843542828967792 0.9955517683060793
8 0.01587663717218748 0.2617379049106181 0.9883123495132264 0.7400971192453479 0.973500345873027 0.793627217332223 0.0010646335319879918 0.3152680029974932
9 0.009177665633992301 0.17889712030599988 0.9784795146178983 0.6245531428273366 0.969301848983906 0.6600401166121065 6.63956906883672e-17 0.21438409409076983
10 0.012497503461305648 0.08932563043278866 0.9982620276258579 0.5043843774494368 0.9870713348984659 0.5516339689650925 0.001306810733913623 0.13657522194844451
