1 0.354729729831306 0.7528952365293056 0.47055984566142184 0.7528952365293056 0.47055984566142184 0.9768334604675297 0.354729729831306 0.9768334604675297
1 0.17229729729729729 0.6563706563706563 0.28812741312741313 0.6563706563706563 0.28812741312741313 0.8185328185328186 0.17229729729729729 0.8185328185328186
1 0.39527027027027034 0.42664092664092657 0.46042471042471045 0.42664092664092657 0.46042471042471045 0.5733590733590732 0.39527027027027034 0.5733590733590732
17 0.33156370717316436 0.5482625482625482 0.40685328215801064 0.5482625482625482 0.40685328215801064 0.7104247104247103 0.33156370717316436 0.7104247104247103
7 0.28812741312741313 0.13513513513513514 0.3851351351351352 0.13513513513513514 0.3851351351351352 0.21814671814671815 0.28812741312741313 0.21814671814671815
7 0.5255791505791506 0.007722007722007722 0.6269305019305019 0.007722007722007722 0.6269305019305019 0.07722007722007722 0.5255791505791506 0.07722007722007722
7 0.6196911213163402 0.07915042424064499 0.7456563722815911 0.07915042424064499 0.7456563722815911 0.16988401497423575 0.6196911213163402 0.16988401497423575
6 0.4980694980694981 0.17374517374517373 0.5762548262548263 0.17374517374517373 0.5762548262548263 0.2683397683397683 0.4980694980694981 0.2683397683397683
4 0.07239382605056828 0.453668056941243 0.24469112334786552 0.453668056941243 0.24469112334786552 0.594594697867884 0.07239382605056828 0.594594697867884
6 0.5009652515747085 0.4382245062270302 0.6472007728102297 0.4382245062270302 0.6472007728102297 0.5193055873081114 0.5009652515747085 0.5193055873081114
