4 0.32413792934107777 0.4631365117300146 0.9988505730192385 0.4631365117300146 0.9988505730192385 0.6699728315613652 0.32413792934107777 0.6699728315613652
7 0.44513616354379 0.05765651421970258 0.544827586368173 0.05765651421970258 0.544827586368173 0.13930617118281588 0.44513616354379 0.13930617118281588
17 0.4977011510380539 0.00850775485619636 0.8367816091954017 0.00850775485619636 0.8367816091954017 0.3177377691311059 0.4977011510380539 0.3177377691311059
6 0.19737476592156636 0.735506700798072 0.3160919540229883 0.735506700798072 0.3160919540229883 0.8399488028911302 0.19737476592156636 0.8399488028911302
1 0.4344196886629842 0.7173201382920237 0.6999999999999995 0.7173201382920237 0.6999999999999995 0.9955880138533347 0.4344196886629842 0.9955880138533347
7 0.06206896551724137 0.20305676855895194 0.15747126436781606 0.20305676855895194 0.15747126436781606 0.3095467550067761 0.06206896551724137 0.3095467550067761
7 0.1172413793103447 0.4498928470605161 0.2632183908045973 0.4498928470605161 0.2632183908045973 0.5250654167124394 0.1172413793103447 0.5250654167124394
7 0.37668172444269854 0.12687813021702837 0.47225768437592053 0.12687813021702837 0.47225768437592053 0.20868113522537562 0.37668172444269854 0.20868113522537562
7 0.1761596124259387 0.5292153589315525 0.27360961078922386 0.5292153589315525 0.27360961078922386 0.6026711185308848 0.1761596124259387 0.6026711185308848
7 0.7383711414448918 0.6460767946577629 0.8442543127434613 0.6460767946577629 0.8442543127434613 0.7479131886477464 0.7383711414448918 0.7479131886477464
