6 0.5444015444015443 0.25868725868725867 0.6153474903474903 0.25868725868725867 0.6153474903474903 0.31853281853281845 0.5444015444015443 0.31853281853281845
6 0.43001930501930496 0.21428571428571427 0.49662162162162155 0.21428571428571427 0.49662162162162155 0.29922779922779924 0.43001930501930496 0.29922779922779924
6 0.39671814671814665 0.3088803088803089 0.4734555984555985 0.3088803088803089 0.4734555984555985 0.3725868725868725 0.39671814671814665 0.3725868725868725
6 0.37789575289575283 0.39575289575289574 0.4604247104247105 0.39575289575289574 0.4604247104247105 0.4768339768339768 0.37789575289575283 0.4768339768339768
1 0.4806949806949807 0.444015444015444 0.6196911196911198 0.444015444015444 0.6196911196911198 0.6814671814671814 0.4806949806949807 0.6814671814671814
6 0.3778957519815662 0.03474924129561364 0.4864864855722999 0.03474924129561364 0.4864864855722999 0.12548283202920438 0.3778957519815662 0.12548283202920438
8 0.4695945945945945 0.47597597597597596 0.9921171171171169 0.47597597597597596 0.9921171171171169 0.4984984984984984 0.4695945945945945 0.4984984984984984
8 0.11865295795992033 0.9734322086793858 0.4686816699397017 0.4720965755286053 0.4868151850934985 0.4946044543785782 0.13678647311371725 0.9959400875293588
9 -1.4432899320127036e-17 0.6172750689827029 0.4496496654663705 0.3912185814794276 0.4655419238448048 0.4474165206546639 0.01589225837843429 0.6734730081579393
10 0.010661362165083225 0.48002418351090836 0.46695825732801655 0.23666583942404174 0.4908919152502643 0.3164446991648778 0.03459502008733098 0.5598030432517445
