1 0.416988416988417 0.7393822393822392 0.47490347490347495 0.7393822393822392 0.47490347490347495 0.8455598455598454 0.416988416988417 0.8455598455598454
1 0.5067567569599093 0.5868725868725869 0.5704633206664731 0.5868725868725869 0.5704633206664731 0.6486486486486487 0.5067567569599093 0.6486486486486487
1 0.2765444015444016 0.5328185328185329 0.3344594594594595 0.5328185328185329 0.3344594594594595 0.5945945945945945 0.2765444015444016 0.5945945945945945
17 0.44015444015444016 0.33976833976833976 0.48503861003861004 0.33976833976833976 0.48503861003861004 0.44015444015444016 0.44015444015444016 0.44015444015444016
7 0.5111003861003861 0.4749034749034749 0.5762548262548263 0.4749034749034749 0.5762548262548263 0.49806949806949813 0.5111003861003861 0.49806949806949813
7 0.5125482624466863 0.5019302953839231 0.5777027026011264 0.5019302953839231 0.5777027026011264 0.5250963185499463 0.5125482624466863 0.5250963185499463
7 0.43291505791505797 0.5038610038610039 0.47055984555984554 0.5038610038610039 0.47055984555984554 0.5308880308880309 0.43291505791505797 0.5308880308880309
7 0.49662162162162177 0.5308880308880309 0.613899613899614 0.5308880308880309 0.613899613899614 0.5579150579150579 0.49662162162162177 0.5579150579150579
7 0.5892857142857143 0.6467181467181468 0.7051158301158301 0.6467181467181468 0.7051158301158301 0.6756756756756757 0.5892857142857143 0.6756756756756757
7 0.6356177606177607 0.584942084942085 0.7413127413127414 0.584942084942085 0.7413127413127414 0.611969111969112 0.6356177606177607 0.611969111969112
