1 0.43407960199004975 0.5422885572139303 0.595771144278607 0.5422885572139303 0.595771144278607 0.8076285240464345 0.43407960199004975 0.8076285240464345
1 0.4614427860696517 0.23217247097844113 0.6156716417910447 0.23217247097844113 0.6156716417910447 0.48424543946932 0.4614427860696517 0.48424543946932
7 0.20994208494208497 0.19111969111969113 0.27799227799227805 0.19111969111969113 0.27799227799227805 0.24131274131274127 0.20994208494208497 0.24131274131274127
7 0.3301158301158301 0.10617760617760615 0.4010617760617761 0.10617760617760615 0.4010617760617761 0.14478764478764475 0.3301158301158301 0.14478764478764475
7 0.8194980694980697 0.013513513513513513 0.8962355212355214 0.013513513513513513 0.8962355212355214 0.083011583011583 0.8194980694980697 0.083011583011583
7 0.4734555984555985 0.09073359073359073 0.6443050193050193 0.09073359073359073 0.6443050193050193 0.14864864864864863 0.4734555984555985 0.14864864864864863
7 0.4995173745173746 0.16795366795366795 0.6052123552123553 0.16795366795366795 0.6052123552123553 0.22200772200772198 0.4995173745173746 0.22200772200772198
14 0.4673423423423426 0.1396396396396397 0.6317567567567567 0.1396396396396397 0.6317567567567567 0.9999999999999998 0.4673423423423426 0.9999999999999998
9 7.216449660063518e-18 0.3615409330614447 0.9634455645456979 0.05075204127256395 0.9754171554252589 0.1167288087865999 0.011971590879560895 0.42751770057548055
10 0.00435450940188881 0.27690064701581074 0.8756212288182277 0.002485932239047521 0.8826112337209966 0.04194062657912597 0.011344514304657684 0.31635534135588916
10 5.1806421814227445e-17 0.1794115891784465 0.5113230291586321 6.966105252550002e-16 0.5187992986018894 0.03787976517917582 0.007476269443257401 0.21729135435762162
