7 0.11155913978494623 0.5842293906810035 0.19086021505376344 0.5842293906810035 0.19086021505376344 0.636200716845878 0.11155913978494623 0.636200716845878
7 0.09408602150537636 0.46415770609318996 0.1747311827956989 0.46415770609318996 0.1747311827956989 0.5286738351254481 0.09408602150537636 0.5286738351254481
7 0.19086021505376344 0.41039426523297495 0.27150537634408606 0.41039426523297495 0.27150537634408606 0.48028673835125446 0.19086021505376344 0.48028673835125446
7 0.06048387096774194 0.36738351254480295 0.1586021505376344 0.36738351254480295 0.1586021505376344 0.431899641577061 0.06048387096774194 0.431899641577061
7 0.8575268817204301 0.1863799283154122 0.9650537634408604 0.1863799283154122 0.9650537634408604 0.24193548387096778 0.8575268817204301 0.24193548387096778
7 0.7352150537634408 0.22580645161290316 0.8225806451612904 0.22580645161290316 0.8225806451612904 0.28853046594982074 0.7352150537634408 0.28853046594982074
7 0.8091397849462367 0.3261648745519713 0.8736559139784944 0.3261648745519713 0.8736559139784944 0.37992831541218625 0.8091397849462367 0.37992831541218625
7 0.7526881720430109 0.4032258064516129 0.827956989247312 0.4032258064516129 0.827956989247312 0.44802867383512546 0.7526881720430109 0.44802867383512546
7 0.6760752688172044 0.8351254480286738 0.7486559139784946 0.8351254480286738 0.7486559139784946 0.9641577060931901 0.6760752688172044 0.9641577060931901
7 0.8844086021505376 0.36200716845878134 0.9717741935483871 0.36200716845878134 0.9717741935483871 0.4390681003584229 0.8844086021505376 0.4390681003584229
