7 0.5082046332046333 0.5501930501930502 0.7789575289575291 0.5501930501930502 0.7789575289575291 0.61003861003861 0.5082046332046333 0.61003861003861
7 0.2142857151999008 0.6196909647811855 0.42857142948561516 0.6196909647811855 0.42857142948561516 0.691119536209757 0.2142857151999008 0.691119536209757
4 0.571911196911197 0.31467181467181465 0.9425675675675677 0.31467181467181465 0.9425675675675677 0.41505791505791506 0.571911196911197 0.41505791505791506
7 0.5574324324324325 0.44015444015444016 0.8455598455598456 0.44015444015444016 0.8455598455598456 0.49227799227799224 0.5574324324324325 0.49227799227799224
17 0.6081081092254471 0.6756756756756757 0.7268339779513159 0.6756756756756757 0.7268339779513159 0.9343629343629343 0.6081081092254471 0.9343629343629343
7 0.18098455598455598 0.4594594594594595 0.41698841698841704 0.4594594594594595 0.41698841698841704 0.5115830115830116 0.18098455598455598 0.5115830115830116
7 0.23889961389961392 0.40540540540540543 0.416988416988417 0.40540540540540543 0.416988416988417 0.4555984555984556 0.23889961389961392 0.4555984555984556
7 0.5487451737451737 0.16409266409266407 0.736969111969112 0.16409266409266407 0.736969111969112 0.20849420849420847 0.5487451737451737 0.20849420849420847
7 0.5603281853281854 0.2702702702702703 0.7514478764478764 0.2702702702702703 0.7514478764478764 0.3108108108108108 0.5603281853281854 0.3108108108108108
7 0.19401544401544402 0.34942084942084944 0.4155405405405405 0.34942084942084944 0.4155405405405405 0.39575289575289574 0.19401544401544402 0.39575289575289574
7 0.2215250965250965 0.2702702702702703 0.3836872586872587 0.2702702702702703 0.3836872586872587 0.3301158301158301 0.2215250965250965 0.3301158301158301
