7 0.5749172185430463 0.4321192052980133 0.6096854304635762 0.4321192052980133 0.6096854304635762 0.4586092715231788 0.5749172185430463 0.4586092715231788
7 0.6605960264900662 0.4917218543046358 0.702814569536424 0.4917218543046358 0.702814569536424 0.5364238410596026 0.6605960264900662 0.5364238410596026
7 0.5302152317880795 0.20198675496688742 0.5749172185430463 0.20198675496688742 0.5749172185430463 0.22847682119205298 0.5302152317880795 0.22847682119205298
7 0.5041390728476821 0.2781456953642384 0.5538079470198676 0.2781456953642384 0.5538079470198676 0.3079470198675497 0.5041390728476821 0.3079470198675497
7 0.3923841059602649 0.18543046357615892 0.4209437086092715 0.18543046357615892 0.4209437086092715 0.2251655629139073 0.3923841059602649 0.2251655629139073
7 0.3961092715231787 0.11589403973509935 0.4197019867549669 0.11589403973509935 0.4197019867549669 0.15066225165562916 0.3961092715231787 0.15066225165562916
6 0.44329470198675497 0.468543046357616 0.48427152317880795 0.468543046357616 0.48427152317880795 0.4867549668874173 0.44329470198675497 0.4867549668874173
6 0.5637417218543046 0.48509933774834435 0.5811258278145696 0.48509933774834435 0.5811258278145696 0.5215231788079471 0.5637417218543046 0.5215231788079471
6 0.3923841059602649 0.3543046357615893 0.4197019867549669 0.3543046357615893 0.4197019867549669 0.3774834437086092 0.3923841059602649 0.3774834437086092
6 0.48923841059602646 0.3394039735099338 0.5252483443708609 0.3394039735099338 0.5252483443708609 0.37748344370860926 0.48923841059602646 0.37748344370860926
