18 0.18967181467181468 0.745173745173745 0.5733590733590734 0.745173745173745 0.5733590733590734 0.9034749034749033 0.18967181467181468 0.9034749034749033
7 0.20415057915057916 0.5308880308880309 0.4372586872586873 0.5308880308880309 0.4372586872586873 0.61003861003861 0.20415057915057916 0.61003861003861
1 0.43291505791505797 0.5077220077220077 0.6443050193050193 0.5077220077220077 0.6443050193050193 0.6814671814671814 0.43291505791505797 0.6814671814671814
7 0.48793436384854943 0.19884087265538322 0.7051158310300166 0.19884087265538322 0.7051158310300166 0.27799145180596235 0.48793436384854943 0.27799145180596235
6 0.791988416988417 0.28185328185328185 0.9295366795366796 0.28185328185328185 0.9295366795366796 0.3223938223938224 0.791988416988417 0.3223938223938224
7 0.7427606171511602 0.3918927180782075 0.9599420843326274 0.3918927180782075 0.9599420843326274 0.432433258618748 0.7427606171511602 0.432433258618748
6 0.7688223938223938 0.34942084942084944 0.9527027027027029 0.34942084942084944 0.9527027027027029 0.38610038610038605 0.7688223938223938 0.38610038610038605
7 0.7268339768339769 0.6158301158301158 0.8861003861003862 0.6158301158301158 0.8861003861003862 0.6563706563706563 0.7268339768339769 0.6563706563706563
7 0.7311776061776062 0.6891891891891891 0.9194015444015444 0.6891891891891891 0.9194015444015444 0.7142857142857142 0.7311776061776062 0.7142857142857142
7 0.7022200772200773 0.7316602316602316 0.9179536679536678 0.7316602316602316 0.9179536679536678 0.7586872586872587 0.7022200772200773 0.7586872586872587
