1 0.4691119691119691 0.19498069498069498 0.5704633204633205 0.19498069498069498 0.5704633204633205 0.4324324324324324 0.4691119691119691 0.4324324324324324
7 0.7109073341805392 0.4884155425909363 0.9700772183504234 0.4884155425909363 0.9700772183504234 0.5694966236720174 0.7109073341805392 0.5694966236720174
7 0.19401544401544402 0.2277992277992278 0.359073359073359 0.2277992277992278 0.359073359073359 0.5212355212355212 0.19401544401544402 0.5212355212355212
7 0.19401544401544402 0.5231660231660231 0.3286679536679537 0.5231660231660231 0.3286679536679537 0.7316602316602316 0.19401544401544402 0.7316602316602316
17 0.34314671956878606 0.7413126896760961 0.49806949837422687 0.7413126896760961 0.49806949837422687 0.8976833460467524 0.34314671956878606 0.8976833460467524
17 0.43581081081081074 0.7123543861688968 0.5849420849420849 0.7123543861688968 0.5849420849420849 0.928571428571428 0.43581081081081074 0.928571428571428
17 0.4908301158301159 0.6061776061776062 0.5950772200772201 0.6061776061776062 0.5950772200772201 0.7490347490347491 0.4908301158301159 0.7490347490347491
6 0.43581081081081086 0.5714285714285714 0.597972972972973 0.5714285714285714 0.597972972972973 0.6235521235521235 0.43581081081081086 0.6235521235521235
7 0.1056949806949807 0.8185328185328186 0.2548513743868206 0.8185328185328186 0.2548513743868206 0.9989543089995513 0.1056949806949807 0.9989543089995513
6 0.35038610038610046 0.40540540540540543 0.43870656370656386 0.40540540540540543 0.43870656370656386 0.5077220077220077 0.35038610038610046 0.5077220077220077
14 0.44775486627980965 0.1954240258209808 0.5439475885148585 0.22755304280989097 0.39941414481335064 0.9968439528348955 0.30322142257830176 0.9647149358459852
8 0.02976767428833706 0.6609972059770028 0.23253052141312813 0.9666570944698141 0.20425725156299582 0.9999999999999994 0.0014944044382047496 0.6943401115071883
9 0.0393590091732659 0.1954287436962983 0.5238501412770988 0.9554148332710293 0.4845102882809428 1.0000000000000007 1.9156177109832812e-05 0.24001391042526982
10 0.1458923863756675 0.09126754885828774 0.47496518797866477 0.7126171319151832 0.4409290940698918 0.7446630828826941 0.11185629246689452 0.12331349982579877
11 0.2780581979441326 0.04879368784249171 0.7252460224373395 0.9487943409106219 0.6797375688292536 0.9889934749310959 0.23254974433604667 0.0889928218629658
