1 0.414092664092664 0.6409263827434174 0.4879343629343629 0.6409263827434174 0.4879343629343629 0.7683395101565447 0.414092664092664 0.7683395101565447
17 0.5878378378378378 0.5888030888030888 0.6631274131274131 0.5888030888030888 0.6631274131274131 0.855212355212355 0.5878378378378378 0.855212355212355
4 0.06805019305019304 0.44594594594594594 0.20994208494208488 0.44594594594594594 0.20994208494208488 0.5694980694980695 0.06805019305019304 0.5694980694980695
7 0.3793436293436293 0.2065637065637066 0.4227799227799227 0.2065637065637066 0.4227799227799227 0.25868725868725867 0.3793436293436293 0.25868725868725867
7 0.2678571424508377 0.28185343676321606 0.3083976829913782 0.28185343676321606 0.3083976829913782 0.32432447923425844 0.2678571424508377 0.32432447923425844
7 0.33590733590733585 0.2915057915057915 0.3663127413127413 0.2915057915057915 0.3663127413127413 0.32432432432432434 0.33590733590733585 0.32432432432432434
7 0.4372586872586872 0.3822393822393822 0.47200772200772195 0.3822393822393822 0.47200772200772195 0.42084942084942084 0.4372586872586872 0.42084942084942084
7 0.6312741312741312 0.3803088803088804 0.6703667953667953 0.3803088803088804 0.6703667953667953 0.4131274131274132 0.6312741312741312 0.4131274131274132
7 0.5994208494208494 0.3745173745173745 0.6312741312741312 0.3745173745173745 0.6312741312741312 0.3976833976833976 0.5994208494208494 0.3976833976833976
7 0.5487451737451737 0.5328185328185329 0.5762548262548263 0.5328185328185329 0.5762548262548263 0.5675675675675675 0.5487451737451737 0.5675675675675675
6 0.4039575285512239 0.5270268721170929 0.4995173731968828 0.5270268721170929 0.4995173731968828 0.5926640926640927 0.4039575285512239 0.5926640926640927
6 0.3243243243243243 0.6254826254826255 0.4068532818532818 0.6254826254826255 0.4068532818532818 0.6640926640926641 0.3243243243243243 0.6640926640926641
7 0.3315637060558252 0.6930502963234825 0.3706563701484893 0.6930502963234825 0.3706563701484893 0.7316603349335211 0.3315637060558252 0.7316603349335211
7 0.22297297297297294 0.6583011583011583 0.25627413127413123 0.6583011583011583 0.25627413127413123 0.6814671814671814 0.22297297297297294 0.6814671814671814
