1 0.41293532338308436 0.4543946932006634 0.5186567164179102 0.4543946932006634 0.5186567164179102 0.665008291873963 0.41293532338308436 0.665008291873963
1 0.5360696517412935 0.46766169154228854 0.6293532338308457 0.46766169154228854 0.6293532338308457 0.6650082918739635 0.5360696517412935 0.6650082918739635
1 0.4203980099502488 0.681592039800995 0.5497512437810945 0.681592039800995 0.5497512437810945 0.9121061359867328 0.4203980099502488 0.9121061359867328
7 0.681949806949807 0.057915057915057924 0.7398648648648649 0.057915057915057924 0.7398648648648649 0.12355212355212358 0.681949806949807 0.12355212355212358
7 0.5907335907335908 0.007722007722007722 0.6443050193050193 0.007722007722007722 0.6443050193050193 0.07335907335907338 0.5907335907335908 0.07335907335907338
7 0.2736486486486487 0.5868725868725869 0.3156370656370657 0.5868725868725869 0.3156370656370657 0.637065637065637 0.2736486486486487 0.637065637065637
7 0.3344594594594595 0.5945945945945946 0.3663127413127414 0.5945945945945946 0.3663127413127414 0.6486486486486487 0.3344594594594595 0.6486486486486487
7 0.3402509652509653 0.3996138996138996 0.3778957528957529 0.3996138996138996 0.3778957528957529 0.44594594594594594 0.3402509652509653 0.44594594594594594
6 0.5545366795366796 0.2606177606177606 0.6037644787644789 0.2606177606177606 0.6037644787644789 0.30308880308880315 0.5545366795366796 0.30308880308880315
6 0.5328185328185329 0.3918918918918919 0.5878378378378377 0.3918918918918919 0.5878378378378377 0.4362934362934363 0.5328185328185329 0.4362934362934363
6 0.46042471042471045 0.11776061776061778 0.5082046332046333 0.11776061776061778 0.5082046332046333 0.1814671814671815 0.46042471042471045 0.1814671814671815
14 0.4238012232871574 0.015520947172223435 0.5607366579385841 0.0012173994667354145 0.6184448119540454 0.9833875501638184 0.4815093773026188 0.9976910978693064
8 0.18263667481340928 0.9795312697466357 0.45227994455355963 0.5241337475188919 0.47172523829425167 0.5446024777722548 0.2020819685541013 0.9999999999999987
9 0.08708780939364096 0.9745667776618977 0.5174458192966281 0.3063521184947622 0.5396589628372922 0.3317853408328646 0.1093009529343051 1.0000000000000002
10 0.03834519543638249 0.9469346747471555 0.4842300284270906 0.27991996523265283 0.5077687351916397 0.30789350080791633 0.061883902200931575 0.9749082103224189
11 0.054991574117107894 0.8609745880421442 0.49645598427891735 0.16924091619899367 0.5239006132689052 0.2003789810155462 0.08243620310709573 0.8921126528586967
