7 0.2605548854041013 0.476075593084037 0.30156815440289503 0.476075593084037 0.30156815440289503 0.505026135906715 0.2605548854041013 0.505026135906715
7 0.20386007237635706 0.8395657418576599 0.2617611580217129 0.8395657418576599 0.2617611580217129 0.8862082830719743 0.20386007237635706 0.8862082830719743
6 0.3039806996381182 0.48733413751507837 0.34740651387213517 0.48733413751507837 0.34740651387213517 0.5886610373944512 0.3039806996381182 0.5886610373944512
18 0.48503861003860993 0.5386100386100386 0.7615830115830113 0.5386100386100386 0.7615830115830113 0.745173745173745 0.48503861003860993 0.745173745173745
1 0.31708494299912854 0.805019150109371 0.4271235521235523 0.805019150109371 0.4271235521235523 0.9266409266409269 0.31708494299912854 0.9266409266409269
7 0.09845559845559841 0.492277837368058 0.1505791505791505 0.492277837368058 0.1505791505791505 0.5231660231660231 0.09845559845559841 0.5231660231660231
7 0.12306949806949806 0.49034749034749026 0.1274131274131274 0.49034749034749026 0.1274131274131274 0.4922779922779923 0.12306949806949806 0.4922779922779923
17 0.21862934535614026 0.5849420849420847 0.35762548262548255 0.5849420849420847 0.35762548262548255 0.7664092664092661 0.21862934535614026 0.7664092664092661
17 0.6993243243243242 0.2799227799227799 0.8658301158301157 0.2799227799227799 0.8658301158301157 0.37258687258687256 0.6993243243243242 0.37258687258687256
7 0.454633204023747 0.32046373355647817 0.49662162162162193 0.32046373355647817 0.49662162162162193 0.37258687258687245 0.454633204023747 0.37258687258687245
8 -5.683954308223105e-17 0.8723260692863382 1.0051754472171524 0.6752328443418312 1.010746163069431 0.7257406680691664 0.005570715852278628 0.9228338930136734
9 0.006499757435401421 0.7899821519217843 0.9952435896253261 0.6210629181419173 0.9983922816012654 0.6538280813215706 0.009648449411340704 0.8227473151014375
10 0.0089821948150468 0.71555791289557 0.9940295062284252 0.4315803096052414 0.999975733804432 0.46824871299061865 0.01492842239105361 0.7522263162809473
11 1.039926889712677e-16 0.5932395741336757 1.0120162049668557 0.37208487135483637 1.0194838695705775 0.43283589011441737 0.007467664603721891 0.6539905928932568
12 -3.125627884642896e-19 0.5122540524820992 1.0384650756087799 0.2849283642891798 1.0453979423616748 0.34123164579754917 0.006932866752894781 0.5685573339904685
13 7.959693334048146e-17 0.458573276073999 1.0526440665250765 0.1416481807761679 1.0615735613129662 0.1943747214284769 0.008929494787889949 0.511299816726308
