17 0.4301075268817204 0.37455197132616486 0.5524193548387096 0.37455197132616486 0.5524193548387096 0.568100358422939 0.4301075268817204 0.568100358422939
17 0.5900537634408602 0.5394265232974911 0.7137096774193549 0.5394265232974911 0.7137096774193549 0.8100358422939067 0.5900537634408602 0.8100358422939067
17 0.07258064516129033 0.8207885304659499 0.13978494623655913 0.8207885304659499 0.13978494623655913 0.9354838709677419 0.07258064516129033 0.9354838709677419
6 0.3279569892473118 0.7258064516129032 0.3682795698924731 0.7258064516129032 0.3682795698924731 0.7974910394265234 0.3279569892473118 0.7974910394265234
6 0.4502688172043011 0.6989247311827956 0.489247311827957 0.6989247311827956 0.489247311827957 0.7670250896057348 0.4502688172043011 0.7670250896057348
6 0.3548387096774194 0.5197132616487455 0.3884408602150538 0.5197132616487455 0.3884408602150538 0.5860215053763441 0.3548387096774194 0.5860215053763441
6 0.41532258064516125 0.47491039426523296 0.44086021505376344 0.47491039426523296 0.44086021505376344 0.5286738351254481 0.41532258064516125 0.5286738351254481
7 0.24193548387096775 0.6093189964157706 0.3064516129032258 0.6093189964157706 0.3064516129032258 0.6469534050179212 0.24193548387096775 0.6469534050179212
7 0.2217741935483871 0.5197132616487455 0.2567204301075269 0.5197132616487455 0.2567204301075269 0.550179211469534 0.2217741935483871 0.550179211469534
7 0.2553763440860215 0.521505376344086 0.2956989247311828 0.521505376344086 0.2956989247311828 0.557347670250896 0.2553763440860215 0.557347670250896
7 0.34408602150537637 0.38530465949820786 0.3951612903225806 0.38530465949820786 0.3951612903225806 0.43369175627240136 0.34408602150537637 0.43369175627240136
