18 0.6385135135135133 0.3745155155981642 0.8281853287947855 0.3745155155981642 0.8281853287947855 0.48262548262548227 0.6385135135135133 0.48262548262548227
1 0.5863899613899615 0.39768313950017414 0.6776061776061778 0.39768313950017414 0.6776061776061778 0.49227799227799235 0.5863899613899615 0.49227799227799235
17 0.5125482625482626 0.4305019305019304 0.5950772200772201 0.4305019305019304 0.5950772200772201 0.5386100386100386 0.5125482625482626 0.5386100386100386
1 0.416988416988417 0.7586872586872587 0.4691119691119691 0.7586872586872587 0.4691119691119691 0.9169884169884169 0.416988416988417 0.9169884169884169
1 0.3561776068886401 0.6293436293436293 0.4213320463320464 0.6293436293436293 0.4213320463320464 0.7239382239382238 0.3561776068886401 0.7239382239382238
6 0.4546332046332047 0.61003861003861 0.4792471042471043 0.61003861003861 0.4792471042471043 0.6621621621621622 0.4546332046332047 0.6621621621621622
6 0.4951737451737452 0.6254826254826255 0.5371621621621622 0.6254826254826255 0.5371621621621622 0.6563706563706563 0.4951737451737452 0.6563706563706563
6 0.48648648648648646 0.3687258687258687 0.524131274131274 0.3687258687258687 0.524131274131274 0.4015444015444015 0.48648648648648646 0.4015444015444015
7 0.47200772200772206 0.528957528957529 0.5154440154440155 0.528957528957529 0.5154440154440155 0.5772200772200772 0.47200772200772206 0.5772200772200772
7 0.4314671814671815 0.39768339768339767 0.4893822393822394 0.39768339768339767 0.4893822393822394 0.472972972972973 0.4314671814671815 0.472972972972973
14 0.47330492843087496 0.06420971010617241 0.5481166863681726 0.08600361157809579 0.398344168937737 0.9999999999999997 0.3235324110004394 0.9782060985280762
