18 0.004343629343629342 0.13320427174812016 0.26351351361508973 0.13320427174812016 0.26351351361508973 0.306949806949807 0.004343629343629342 0.306949806949807
1 0.40685328256431574 0.7007722007722006 0.4835907335907335 0.7007722007722006 0.4835907335907335 0.9401544401544399 0.40685328256431574 0.9401544401544399
1 0.4806949814060145 0.3783783783783783 0.5863899613899612 0.3783783783783783 0.5863899613899612 0.5656370656370654 0.4806949814060145 0.5656370656370654
1 0.621138995732691 0.3069502716796094 0.7166988416988421 0.3069502716796094 0.7166988416988421 0.5115830115830118 0.621138995732691 0.5115830115830118
17 0.3315637065637066 0.35714285714285715 0.4691119691119691 0.35714285714285715 0.4691119691119691 0.5405405405405406 0.3315637065637066 0.5405405405405406
1 0.4444980703106796 0.18918918918918914 0.548745173745174 0.18918918918918914 0.548745173745174 0.36100386100386084 0.4444980703106796 0.36100386100386084
6 0.6500965250965252 0.21428571428571427 0.7282818532818535 0.21428571428571427 0.7282818532818535 0.2722007722007722 0.6500965250965252 0.2722007722007722
6 0.6573359073359074 0.16602316602316602 0.7282818532818534 0.16602316602316602 0.7282818532818534 0.21235521235521235 0.6573359073359074 0.21235521235521235
6 0.39816602316602323 0.13513513513513514 0.4589768339768339 0.13513513513513514 0.4589768339768339 0.1814671814671815 0.39816602316602323 0.1814671814671815
6 0.3127413127413128 0.22586872586872583 0.3778957528957529 0.22586872586872583 0.3778957528957529 0.29922779922779924 0.3127413127413128 0.29922779922779924
6 0.48503861003861004 0.009652509652509652 0.5487451737451737 0.009652509652509652 0.5487451737451737 0.07335907335907335 0.48503861003861004 0.07335907335907335
6 0.46621621662252144 0.08301147973829355 0.5545366795366796 0.08301147973829355 0.5545366795366796 0.1698841698841698 0.46621621662252144 0.1698841698841698
6 0.6298262548262548 0.059845559845559844 0.6964285714285715 0.059845559845559844 0.6964285714285715 0.11776061776061778 0.6298262548262548 0.11776061776061778
6 0.7253861003861004 0.027027027027027025 0.7948841698841698 0.027027027027027025 0.7948841698841698 0.09073359073359073 0.7253861003861004 0.09073359073359073
6 0.5994208494208495 0.0 0.6790540540540541 0.0 0.6790540540540541 0.05405405405405405 0.5994208494208495 0.05405405405405405
