7 0.26881720430107525 0.5716845878136201 0.3588709677419355 0.5716845878136201 0.3588709677419355 0.6200716845878137 0.26881720430107525 0.6200716845878137
7 0.1021505376344086 0.3835125448028674 0.1586021505376344 0.3835125448028674 0.1586021505376344 0.42114695340501784 0.1021505376344086 0.42114695340501784
17 0.25 0.3512544802867383 0.37768817204301075 0.3512544802867383 0.37768817204301075 0.507168458781362 0.25 0.507168458781362
17 0.8024193548387096 0.4462365591397849 0.9556451612903226 0.4462365591397849 0.9556451612903226 0.6881720430107526 0.8024193548387096 0.6881720430107526
7 0.41801075268817206 0.3100358422939068 0.46908602150537637 0.3100358422939068 0.46908602150537637 0.3530465949820788 0.41801075268817206 0.3530465949820788
7 0.4032258064516129 0.35842293906810035 0.4677419354838709 0.35842293906810035 0.4677419354838709 0.39605734767025086 0.4032258064516129 0.39605734767025086
7 0.6290322580645161 0.3010752688172043 0.686827956989247 0.3010752688172043 0.686827956989247 0.34408602150537637 0.6290322580645161 0.34408602150537637
7 0.8521505376344086 0.3118279569892473 0.8924731182795699 0.3118279569892473 0.8924731182795699 0.3512544802867383 0.8521505376344086 0.3512544802867383
7 0.6263440860215054 0.2025089605734767 0.678763440860215 0.2025089605734767 0.678763440860215 0.24731182795698922 0.6263440860215054 0.24731182795698922
7 0.8830645161290324 0.7204301075268817 0.9260752688172044 0.7204301075268817 0.9260752688172044 0.7688172043010753 0.8830645161290324 0.7688172043010753
7 0.7567204301075269 0.5824372759856631 0.7956989247311828 0.5824372759856631 0.7956989247311828 0.6182795698924731 0.7567204301075269 0.6182795698924731
7 0.7930107526881719 0.5089605734767025 0.8427419354838709 0.5089605734767025 0.8427419354838709 0.5483870967741936 0.7930107526881719 0.5483870967741936
7 0.1895161290322581 0.2921146953405018 0.2325268817204301 0.2921146953405018 0.2325268817204301 0.33691756272401435 0.1895161290322581 0.33691756272401435
6 0.46102150537634407 0.7383512544802868 0.5282258064516129 0.7383512544802868 0.5282258064516129 0.7741935483870969 0.46102150537634407 0.7741935483870969
6 0.43413978494623656 0.6630824372759857 0.5053763440860215 0.6630824372759857 0.5053763440860215 0.7078853046594983 0.43413978494623656 0.7078853046594983
6 0.9166666666666665 0.3154121863799283 0.950268817204301 0.3154121863799283 0.950268817204301 0.36379928315412186 0.9166666666666665 0.36379928315412186
17 0.8803763440860215 0.7795698924731183 0.9852150537634408 0.7795698924731183 0.9852150537634408 0.9175627240143368 0.8803763440860215 0.9175627240143368
