1 0.5805984552937269 0.68725806761895 0.7746139005280864 0.68725806761895 0.7746139005280864 0.9034748002016135 0.5805984552937269 0.9034748002016135
7 0.2533783783783784 0.6467181467181468 0.4010617760617761 0.6467181467181468 0.4010617760617761 0.6891891891891893 0.2533783783783784 0.6891891891891893
7 0.5154440157487442 0.5714281583354136 0.7065637068684353 0.5714281583354136 0.7065637068684353 0.640926227833483 0.5154440157487442 0.640926227833483
6 0.486486486689639 0.13513425731217465 0.6457529043868792 0.13513425731217465 0.6457529043868792 0.22586784804576526 0.486486486689639 0.22586784804576526
6 0.5255791505791506 0.24903474903474906 0.7007722007722007 0.24903474903474906 0.7007722007722007 0.3359073359073359 0.5255791505791506 0.3359073359073359
6 0.5386100386100386 0.41505791505791506 0.7442084942084942 0.41505791505791506 0.7442084942084942 0.5347490347490347 0.5386100386100386 0.5347490347490347
6 0.3127413137570755 0.4749035781767644 0.4647683407841025 0.4749035781767644 0.4647683407841025 0.5656371689103551 0.3127413137570755 0.5656371689103551
6 0.36052123552123555 0.14478764478764478 0.4835907335907336 0.14478764478764478 0.4835907335907336 0.25675675675675674 0.36052123552123555 0.25675675675675674
7 0.17664092765668937 0.7393820844723051 0.4546332056489673 0.7393820844723051 0.4546332056489673 0.7992276443178651 0.17664092765668937 0.7992276443178651
1 0.4271235521235521 0.2625482625482625 0.5183397683397684 0.2625482625482625 0.5183397683397684 0.47104247104247104 0.4271235521235521 0.47104247104247104
